[2023-12-07 14:46:19,082][root][INFO] - Workspace: /Users/yhr/Desktop/llm-workspace/llm-as-meta-optimizer/outputs/main/2023-12-07_14-46-19
[2023-12-07 14:46:19,082][root][INFO] - Project Root: /Users/yhr/Desktop/llm-workspace/llm-as-meta-optimizer
[2023-12-07 14:46:19,082][root][INFO] - Using LLM: gpt-3.5-turbo
[2023-12-07 14:46:19,100][root][INFO] - Problem: tsp_constructive
[2023-12-07 14:46:19,100][root][INFO] - Problem description: The task is to solve Traveling Salesman Problem (TSP) with constructive heuristics. TSP requires finding the shortest path that visits all given nodes and returns to the starting node.
[2023-12-07 14:46:19,101][root][INFO] - Initial prompt: System Prompt: 
You are an expert in the domain of optimization heuristics. You are going to design <novel> heuristics to solve optimization problems as effective as possible.
Your goal is to write a novel selecting-next-node function for the solution construction process. The function determines which node to visit at each time step. You also concisely describe your code before writing it.
The function signature is as follows:

-----

def select_next_node(current_node: int, destination_node: int, unvisited_nodes: set, distance_matrix: np.ndarray) -> int:
    """
    Select the next node to visit from the unvisited nodes.
    
    Parameters
    ----------
    current_node : int
        The current node.
    destination_node : int
        The destination node to return to.
    unvisited_nodes : set
        The set of unvisited nodes.
    distance_matrix : np.ndarray
        The distance matrix of shape (n_nodes, n_nodes).
    
    Returns
    -------
    nxt_node : int
        The next node to visit.
    """
    ...
    return nxt_node

-----
User Prompt: 
Write a selecting-next-node function for the following problem: The task is to solve Traveling Salesman Problem (TSP) with constructive heuristics. TSP requires finding the shortest path that visits all given nodes and returns to the starting node..Begin by giving a concise and clear description of your code, followed by the code itself. Your code should be formatted as a Python code string: "```python ... ```"
An example is given below:

-----
Code description: This is a concise code description of your code.

```python
This is your Python code
```
-----

Some helpful tips:
(1) Do not modify the function signature.
(2) Import necessary packages. Except for importing packages, you should write everything inside the function.
(3) We only construct a solution once, so introducing stochasticity is not helpful.
(4) You DO NOT update the input variables. For example, you DO NOT remove the selected node from the unvisited nodes.
(5) You write novel algorithms instead of using classic and greedy ones. For example, DO NOT write Nearest Neighbor heuristic.
[2023-12-07 14:47:02,726][httpx][INFO] - HTTP Request: POST https://api.openai.com/v1/chat/completions "HTTP/1.1 200 OK"
[2023-12-07 14:47:02,794][root][INFO] - Iteration 0, response_id 0: Extract None; invalid response!
[2023-12-07 14:47:02,797][root][INFO] - Iteration 0, response_id 6: Extract None; invalid response!
[2023-12-07 14:47:02,798][root][INFO] - Iteration 0: Running Code 0
[2023-12-07 14:47:02,799][root][INFO] - Error for response_id 0: unsupported operand type(s) for +: 'NoneType' and 'str'
[2023-12-07 14:47:02,799][root][INFO] - Iteration 0: Running Code 1
[2023-12-07 14:47:03,000][root][INFO] - Iteration 0: Code Run 1 successful!
[2023-12-07 14:47:03,000][root][INFO] - Iteration 0: Running Code 2
[2023-12-07 14:47:03,183][root][INFO] - Iteration 0: Code Run 2 successful!
[2023-12-07 14:47:03,183][root][INFO] - Iteration 0: Running Code 3
[2023-12-07 14:47:03,371][root][INFO] - Iteration 0: Code Run 3 successful!
[2023-12-07 14:47:03,373][root][INFO] - Iteration 0: Running Code 4
[2023-12-07 14:47:03,551][root][INFO] - Iteration 0: Code Run 4 successful!
[2023-12-07 14:47:03,551][root][INFO] - Iteration 0: Running Code 5
[2023-12-07 14:47:03,709][root][INFO] - Iteration 0: Code Run 5 successful!
[2023-12-07 14:47:03,709][root][INFO] - Iteration 0: Running Code 6
[2023-12-07 14:47:03,709][root][INFO] - Error for response_id 6: unsupported operand type(s) for +: 'NoneType' and 'str'
[2023-12-07 14:47:03,709][root][INFO] - Iteration 0: Running Code 7
[2023-12-07 14:47:03,887][root][INFO] - Iteration 0: Code Run 7 successful!
[2023-12-07 14:47:03,887][root][INFO] - Iteration 0: Running Code 8
[2023-12-07 14:47:04,070][root][INFO] - Iteration 0: Code Run 8 successful!
[2023-12-07 14:47:04,070][root][INFO] - Iteration 0: Running Code 9
[2023-12-07 14:47:04,212][root][INFO] - Iteration 0: Code Run 9 successful!
[2023-12-07 14:47:04,213][root][INFO] - Iteration 0, response_id 1: Objective value: inf
[2023-12-07 14:47:04,213][root][INFO] - Iteration 0, response_id 2: Objective value: inf
[2023-12-07 14:47:04,213][root][INFO] - Iteration 0, response_id 3: Objective value: inf
[2023-12-07 14:47:04,213][root][INFO] - Iteration 0, response_id 4: Objective value: 26.122122311696582
[2023-12-07 14:47:04,214][root][INFO] - Iteration 0, response_id 5: Objective value: 7.0043697989867315
[2023-12-07 14:47:04,214][root][INFO] - Iteration 0, response_id 7: Objective value: 36.645936399521986
[2023-12-07 14:47:04,214][root][INFO] - Iteration 0, response_id 8: Objective value: inf
[2023-12-07 14:47:04,262][root][INFO] - Iteration 0, response_id 9: Objective value: 7.0043697989867315
[2023-12-07 14:47:04,262][root][INFO] - Iteration 0: Min obj: 7.0043697989867315, Best Code Path: problem_iter0_code5.py
[2023-12-07 14:47:13,764][httpx][INFO] - HTTP Request: POST https://api.openai.com/v1/chat/completions "HTTP/1.1 200 OK"
[2023-12-07 14:47:13,765][root][INFO] - Iteration 1, response_id 0: Extract None; invalid response!
[2023-12-07 14:47:13,765][root][INFO] - Iteration 1: Running Code 0
[2023-12-07 14:47:13,926][root][INFO] - Iteration 1: Code Run 0 successful!
[2023-12-07 14:47:13,953][root][INFO] - Iteration 1, response_id 0: Objective value: 7.0043697989867315
[2023-12-07 14:47:13,953][root][INFO] - Greedy Algorithm Objective Value: 7.0043697989867315
[2023-12-07 14:47:13,954][root][INFO] - Eliminated 8 greedy algorithms.
[2023-12-07 14:47:39,184][httpx][INFO] - HTTP Request: POST https://api.openai.com/v1/chat/completions "HTTP/1.1 200 OK"
[2023-12-07 14:47:39,217][root][INFO] - Iteration 2, response_id 0: Extract None; invalid response!
[2023-12-07 14:47:39,218][root][INFO] - Iteration 2, response_id 2: Extract None; invalid response!
[2023-12-07 14:47:39,220][root][INFO] - Iteration 2: Running Code 0
[2023-12-07 14:47:39,220][root][INFO] - Error for response_id 0: unsupported operand type(s) for +: 'NoneType' and 'str'
[2023-12-07 14:47:39,220][root][INFO] - Iteration 2: Running Code 1
[2023-12-07 14:47:39,426][root][INFO] - Iteration 2: Code Run 1 successful!
[2023-12-07 14:47:39,427][root][INFO] - Iteration 2: Running Code 2
[2023-12-07 14:47:39,427][root][INFO] - Error for response_id 2: unsupported operand type(s) for +: 'NoneType' and 'str'
[2023-12-07 14:47:39,427][root][INFO] - Iteration 2: Running Code 3
[2023-12-07 14:47:39,619][root][INFO] - Iteration 2: Code Run 3 successful!
[2023-12-07 14:47:39,619][root][INFO] - Iteration 2: Running Code 4
[2023-12-07 14:47:39,791][root][INFO] - Iteration 2: Code Run 4 successful!
[2023-12-07 14:47:39,794][root][INFO] - Iteration 2: Running Code 5
[2023-12-07 14:47:39,974][root][INFO] - Iteration 2: Code Run 5 successful!
[2023-12-07 14:47:39,985][root][INFO] - Iteration 2: Running Code 6
[2023-12-07 14:47:40,147][root][INFO] - Iteration 2: Code Run 6 successful!
[2023-12-07 14:47:40,147][root][INFO] - Iteration 2: Running Code 7
[2023-12-07 14:47:40,331][root][INFO] - Iteration 2: Code Run 7 successful!
[2023-12-07 14:47:40,331][root][INFO] - Iteration 2, response_id 1: Objective value: 7.99477320543647
[2023-12-07 14:47:40,332][root][INFO] - Iteration 2, response_id 3: Objective value: 7.0043697989867315
[2023-12-07 14:47:40,332][root][INFO] - Iteration 2, response_id 4: Objective value: 23.977006530469417
[2023-12-07 14:47:40,332][root][INFO] - Iteration 2, response_id 5: Objective value: 12.569353605672344
[2023-12-07 14:47:40,332][root][INFO] - Iteration 2, response_id 6: Objective value: 7.0043697989867315
[2023-12-07 14:47:40,360][root][INFO] - Iteration 2, response_id 7: Objective value: 36.645936399521986
[2023-12-07 14:47:40,760][httpx][INFO] - HTTP Request: POST https://api.openai.com/v1/embeddings "HTTP/1.1 200 OK"
[2023-12-07 14:47:40,980][root][INFO] - Similarity Matrix: 
[[1.         0.87424965 0.91129957 0.87590463 0.85201728 0.93884518
  0.90418375 0.90318237]
 [0.87424965 1.         0.91011266 0.89419782 0.82537037 0.87642285
  0.87855094 1.        ]
 [0.91129957 0.91011266 1.         0.87392436 0.85380904 0.91378609
  0.92053582 0.90379965]
 [0.87590463 0.89419782 0.87392436 1.         0.81743082 0.87631889
  1.         0.86911178]
 [0.85201728 0.82537037 0.85380904 0.81743082 1.         0.87396214
  0.86356413 0.83602358]
 [0.93884518 0.87642285 0.91378609 0.87631889 0.87396214 1.
  0.90697341 0.90301352]
 [0.90418375 0.87855094 0.92053582 1.         0.86356413 0.90697341
  1.         0.89220995]
 [0.90318237 1.         0.90379965 0.86911178 0.83602358 0.90301352
  0.89220995 1.        ]]
[2023-12-07 14:47:40,980][root][INFO] - Fitness before sharing: 
[0.0382817287227935, 0.0272881552021971, 0.12508172205810628, 0.14276801892222515, 0.041706624166333, 0.07955858601580883, 0.14276801892222515, 0.0272881552021971]
[2023-12-07 14:47:40,980][root][INFO] - Fitness after sharing: 
[0.024304180953597796, 0.012987392048795126, 0.07840453261034637, 0.07138400946111266, 0.04170662416633263, 0.04892354273363219, 0.06161948370627113, 0.012994635832760257]
[2023-12-07 14:47:57,859][httpx][INFO] - HTTP Request: POST https://api.openai.com/v1/chat/completions "HTTP/1.1 200 OK"
[2023-12-07 14:48:18,624][httpx][INFO] - HTTP Request: POST https://api.openai.com/v1/chat/completions "HTTP/1.1 200 OK"
[2023-12-07 14:48:44,237][httpx][INFO] - HTTP Request: POST https://api.openai.com/v1/chat/completions "HTTP/1.1 200 OK"
[2023-12-07 14:49:00,312][httpx][INFO] - HTTP Request: POST https://api.openai.com/v1/chat/completions "HTTP/1.1 200 OK"
[2023-12-07 14:49:48,560][httpx][INFO] - HTTP Request: POST https://api.openai.com/v1/chat/completions "HTTP/1.1 200 OK"
[2023-12-07 14:50:05,858][httpx][INFO] - HTTP Request: POST https://api.openai.com/v1/chat/completions "HTTP/1.1 200 OK"
[2023-12-07 14:50:18,543][httpx][INFO] - HTTP Request: POST https://api.openai.com/v1/chat/completions "HTTP/1.1 200 OK"
[2023-12-07 14:50:38,013][httpx][INFO] - HTTP Request: POST https://api.openai.com/v1/chat/completions "HTTP/1.1 200 OK"
[2023-12-07 14:50:49,480][httpx][INFO] - HTTP Request: POST https://api.openai.com/v1/chat/completions "HTTP/1.1 200 OK"
[2023-12-07 14:51:12,661][httpx][INFO] - HTTP Request: POST https://api.openai.com/v1/chat/completions "HTTP/1.1 200 OK"
[2023-12-07 14:51:33,613][httpx][INFO] - HTTP Request: POST https://api.openai.com/v1/chat/completions "HTTP/1.1 200 OK"
[2023-12-07 14:52:09,150][httpx][INFO] - HTTP Request: POST https://api.openai.com/v1/chat/completions "HTTP/1.1 200 OK"
[2023-12-07 14:52:27,235][httpx][INFO] - HTTP Request: POST https://api.openai.com/v1/chat/completions "HTTP/1.1 200 OK"
[2023-12-07 14:52:27,237][root][INFO] - Iteration 2, response_id 3: Extract None; invalid response!
[2023-12-07 14:53:04,057][httpx][INFO] - HTTP Request: POST https://api.openai.com/v1/chat/completions "HTTP/1.1 200 OK"
[2023-12-07 14:53:04,064][root][INFO] - Iteration 2: Running Code 0
[2023-12-07 14:53:04,339][root][INFO] - Iteration 2: Code Run 0 successful!
[2023-12-07 14:53:04,341][root][INFO] - Iteration 2: Running Code 1
[2023-12-07 14:53:04,514][root][INFO] - Iteration 2: Code Run 1 successful!
[2023-12-07 14:53:04,514][root][INFO] - Iteration 2: Running Code 2
[2023-12-07 14:53:04,723][root][INFO] - Iteration 2: Code Run 2 successful!
[2023-12-07 14:53:04,723][root][INFO] - Iteration 2: Running Code 3
[2023-12-07 14:53:04,887][root][INFO] - Iteration 2: Code Run 3 successful!
[2023-12-07 14:53:04,888][root][INFO] - Iteration 2: Running Code 4
[2023-12-07 14:53:05,068][root][INFO] - Iteration 2: Code Run 4 successful!
[2023-12-07 14:53:05,068][root][INFO] - Iteration 2: Running Code 5
[2023-12-07 14:53:05,239][root][INFO] - Iteration 2: Code Run 5 successful!
[2023-12-07 14:53:05,239][root][INFO] - Iteration 2: Running Code 6
[2023-12-07 14:53:05,395][root][INFO] - Iteration 2: Code Run 6 successful!
[2023-12-07 14:53:05,402][root][INFO] - Iteration 2: Running Code 7
[2023-12-07 14:53:05,588][root][INFO] - Iteration 2: Code Run 7 successful!
[2023-12-07 14:53:05,588][root][INFO] - Iteration 2: Running Code 8
[2023-12-07 14:53:05,783][root][INFO] - Iteration 2: Code Run 8 successful!
[2023-12-07 14:53:05,783][root][INFO] - Iteration 2: Running Code 9
[2023-12-07 14:53:05,998][root][INFO] - Iteration 2: Code Run 9 successful!
[2023-12-07 14:53:09,787][root][INFO] - Iteration 2, response_id 0: Objective value: 29.26203785568977
[2023-12-07 14:53:09,788][root][INFO] - Iteration 2, response_id 1: Objective value: 32.06482806762624
[2023-12-07 14:53:09,788][root][INFO] - Iteration 2, response_id 2: Objective value: inf
[2023-12-07 14:53:09,788][root][INFO] - Iteration 2, response_id 3: Objective value: 7.99477320543647
[2023-12-07 14:53:09,788][root][INFO] - Iteration 2, response_id 4: Objective value: inf
[2023-12-07 14:53:09,788][root][INFO] - Iteration 2, response_id 5: Objective value: inf
[2023-12-07 14:53:09,788][root][INFO] - Iteration 2, response_id 6: Objective value: 7.99477320543647
[2023-12-07 14:53:09,788][root][INFO] - Iteration 2, response_id 7: Objective value: 26.124508408795247
[2023-12-07 14:53:09,788][root][INFO] - Iteration 2, response_id 8: Objective value: 23.895968672691332
[2023-12-07 14:53:09,788][root][INFO] - Iteration 2, response_id 9: Objective value: 7.99477320543647
[2023-12-07 14:53:09,788][root][INFO] - Iteration 2: Min obj: 7.0043697989867315, Best Code Path: problem_iter0_code5.py
[2023-12-07 14:53:09,788][root][INFO] - Iteration 2: Function Evals: 29
[2023-12-07 14:53:09,788][root][INFO] - Eliminated 3 greedy algorithms.
[2023-12-07 14:53:29,932][httpx][INFO] - HTTP Request: POST https://api.openai.com/v1/chat/completions "HTTP/1.1 200 OK"
[2023-12-07 14:53:29,937][root][INFO] - Iteration 4: Running Code 0
[2023-12-07 14:53:30,123][root][INFO] - Iteration 4: Code Run 0 successful!
[2023-12-07 14:53:30,123][root][INFO] - Iteration 4: Running Code 1
[2023-12-07 14:53:30,270][root][INFO] - Iteration 4: Code Run 1 successful!
[2023-12-07 14:53:30,271][root][INFO] - Iteration 4: Running Code 2
[2023-12-07 14:53:30,438][root][INFO] - Iteration 4: Code Run 2 successful!
[2023-12-07 14:53:30,444][root][INFO] - Iteration 4, response_id 0: Objective value: 26.18213070698559
[2023-12-07 14:53:30,444][root][INFO] - Iteration 4, response_id 1: Objective value: 7.0043697989867315
[2023-12-07 14:53:30,461][root][INFO] - Iteration 4, response_id 2: Objective value: inf
[2023-12-07 14:53:30,880][httpx][INFO] - HTTP Request: POST https://api.openai.com/v1/embeddings "HTTP/1.1 200 OK"
[2023-12-07 14:53:31,145][root][INFO] - Similarity Matrix: 
[[1.         0.87196369 0.87538908 0.89581039 0.84423909 0.85530277
  0.88018336 0.80833801 0.83446871]
 [0.87196369 1.         0.91371976 0.86239639 0.81758785 0.87764514
  0.84866171 0.84466396 0.81789143]
 [0.87538908 0.91371976 1.         0.86692987 0.85045606 1.
  0.86608829 0.84327082 0.84445631]
 [0.89581039 0.86239639 0.86692987 1.         0.8412903  0.89137905
  0.86715941 0.83050397 0.81905389]
 [0.84423909 0.81758785 0.85045606 0.8412903  1.         0.8444672
  0.83210173 0.78000113 0.84129772]
 [0.85530277 0.87764514 1.         0.89137905 0.8444672  1.
  0.84254213 0.86381731 0.87182573]
 [0.88018336 0.84866171 0.86608829 0.86715941 0.83210173 0.84254213
  1.         0.82603515 0.84651463]
 [0.80833801 0.84466396 0.84327082 0.83050397 0.78000113 0.86381731
  0.82603515 1.         0.80413434]
 [0.83446871 0.81789143 0.84445631 0.81905389 0.84129772 0.87182573
  0.84651463 0.80413434 1.        ]]
[2023-12-07 14:53:31,145][root][INFO] - Fitness before sharing: 
[0.034173969869482554, 0.031186819336469003, 0.12508172205810628, 0.038278232238939794, 0.041848062897019735, 0.12508172205810628, 0.038193988533301165, 0.14276801892222515, 0]
[2023-12-07 14:53:31,145][root][INFO] - Fitness after sharing: 
[0.03417396986948248, 0.02742427553802004, 0.05852604558637253, 0.03827823223894005, 0.04184806289701955, 0.06254086102905328, 0.03819398853330138, 0.14276801892222563, 0.0]
[2023-12-07 14:53:58,634][httpx][INFO] - HTTP Request: POST https://api.openai.com/v1/chat/completions "HTTP/1.1 200 OK"
[2023-12-07 14:54:23,440][httpx][INFO] - HTTP Request: POST https://api.openai.com/v1/chat/completions "HTTP/1.1 200 OK"
[2023-12-07 14:54:38,703][httpx][INFO] - HTTP Request: POST https://api.openai.com/v1/chat/completions "HTTP/1.1 200 OK"
[2023-12-07 14:54:49,094][httpx][INFO] - HTTP Request: POST https://api.openai.com/v1/chat/completions "HTTP/1.1 200 OK"
[2023-12-07 14:55:31,573][httpx][INFO] - HTTP Request: POST https://api.openai.com/v1/chat/completions "HTTP/1.1 200 OK"
[2023-12-07 14:55:47,793][httpx][INFO] - HTTP Request: POST https://api.openai.com/v1/chat/completions "HTTP/1.1 200 OK"
[2023-12-07 14:56:06,504][httpx][INFO] - HTTP Request: POST https://api.openai.com/v1/chat/completions "HTTP/1.1 200 OK"
[2023-12-07 14:56:35,386][httpx][INFO] - HTTP Request: POST https://api.openai.com/v1/chat/completions "HTTP/1.1 200 OK"
[2023-12-07 14:56:48,003][httpx][INFO] - HTTP Request: POST https://api.openai.com/v1/chat/completions "HTTP/1.1 200 OK"
[2023-12-07 14:57:42,236][httpx][INFO] - HTTP Request: POST https://api.openai.com/v1/chat/completions "HTTP/1.1 200 OK"
[2023-12-07 14:58:13,719][httpx][INFO] - HTTP Request: POST https://api.openai.com/v1/chat/completions "HTTP/1.1 200 OK"
[2023-12-07 14:58:34,366][httpx][INFO] - HTTP Request: POST https://api.openai.com/v1/chat/completions "HTTP/1.1 200 OK"
[2023-12-07 14:58:34,379][root][INFO] - Iteration 4: Running Code 0
[2023-12-07 14:58:34,586][root][INFO] - Iteration 4: Code Run 0 successful!
[2023-12-07 14:58:34,586][root][INFO] - Iteration 4: Running Code 1
[2023-12-07 14:58:34,778][root][INFO] - Iteration 4: Code Run 1 successful!
[2023-12-07 14:58:34,778][root][INFO] - Iteration 4: Running Code 2
[2023-12-07 14:58:34,974][root][INFO] - Iteration 4: Code Run 2 successful!
[2023-12-07 14:58:34,974][root][INFO] - Iteration 4: Running Code 3
[2023-12-07 14:58:35,159][root][INFO] - Iteration 4: Code Run 3 successful!
[2023-12-07 14:58:35,159][root][INFO] - Iteration 4: Running Code 4
[2023-12-07 14:58:35,343][root][INFO] - Iteration 4: Code Run 4 successful!
[2023-12-07 14:58:35,344][root][INFO] - Iteration 4: Running Code 5
[2023-12-07 14:58:35,595][root][INFO] - Iteration 4: Code Run 5 successful!
[2023-12-07 14:58:35,596][root][INFO] - Iteration 4: Running Code 6
[2023-12-07 14:58:35,752][root][INFO] - Iteration 4: Code Run 6 successful!
[2023-12-07 14:58:35,752][root][INFO] - Iteration 4: Running Code 7
[2023-12-07 14:58:35,948][root][INFO] - Iteration 4: Code Run 7 successful!
[2023-12-07 14:58:35,948][root][INFO] - Iteration 4: Running Code 8
[2023-12-07 14:58:36,122][root][INFO] - Iteration 4: Code Run 8 successful!
[2023-12-07 14:58:36,125][root][INFO] - Iteration 4: Running Code 9
[2023-12-07 14:58:36,314][root][INFO] - Iteration 4: Code Run 9 successful!
[2023-12-07 14:58:36,314][root][INFO] - Iteration 4, response_id 0: Objective value: 7.99477320543647
[2023-12-07 14:58:36,314][root][INFO] - Iteration 4, response_id 1: Objective value: 28.219444549956528
[2023-12-07 14:58:36,315][root][INFO] - Iteration 4, response_id 2: Objective value: 18.251893540340035
[2023-12-07 14:58:36,315][root][INFO] - Iteration 4, response_id 3: Objective value: 7.0043697989867315
[2023-12-07 14:58:36,315][root][INFO] - Iteration 4, response_id 4: Objective value: inf
[2023-12-07 14:58:36,315][root][INFO] - Iteration 4, response_id 5: Objective value: inf
[2023-12-07 14:58:36,315][root][INFO] - Iteration 4, response_id 6: Objective value: 7.0043697989867315
[2023-12-07 14:58:36,315][root][INFO] - Iteration 4, response_id 7: Objective value: inf
[2023-12-07 14:58:36,348][root][INFO] - Iteration 4, response_id 8: Objective value: 20.760992447855877
[2023-12-07 14:58:36,348][root][INFO] - Iteration 4, response_id 9: Objective value: inf
[2023-12-07 14:58:36,348][root][INFO] - Iteration 4: Min obj: 7.0043697989867315, Best Code Path: problem_iter0_code5.py
[2023-12-07 14:58:36,348][root][INFO] - Iteration 4: Function Evals: 42
[2023-12-07 14:58:36,348][root][INFO] - Eliminated 6 greedy algorithms.
[2023-12-07 14:58:57,747][httpx][INFO] - HTTP Request: POST https://api.openai.com/v1/chat/completions "HTTP/1.1 200 OK"
[2023-12-07 14:58:57,748][root][INFO] - Iteration 6, response_id 2: Extract None; invalid response!
[2023-12-07 14:58:57,749][root][INFO] - Iteration 6: Running Code 0
[2023-12-07 14:58:57,899][root][INFO] - Iteration 6: Code Run 0 successful!
[2023-12-07 14:58:57,900][root][INFO] - Iteration 6: Running Code 1
[2023-12-07 14:58:58,057][root][INFO] - Iteration 6: Code Run 1 successful!
[2023-12-07 14:58:58,057][root][INFO] - Iteration 6: Running Code 2
[2023-12-07 14:58:58,057][root][INFO] - Error for response_id 2: unsupported operand type(s) for +: 'NoneType' and 'str'
[2023-12-07 14:58:58,057][root][INFO] - Iteration 6: Running Code 3
[2023-12-07 14:58:58,260][root][INFO] - Iteration 6: Code Run 3 successful!
[2023-12-07 14:58:58,260][root][INFO] - Iteration 6: Running Code 4
[2023-12-07 14:58:58,465][root][INFO] - Iteration 6: Code Run 4 successful!
[2023-12-07 14:58:58,465][root][INFO] - Iteration 6: Running Code 5
[2023-12-07 14:58:58,634][root][INFO] - Iteration 6: Code Run 5 successful!
[2023-12-07 14:58:58,634][root][INFO] - Iteration 6, response_id 0: Objective value: 26.080542745508826
[2023-12-07 14:58:58,634][root][INFO] - Iteration 6, response_id 1: Objective value: 7.99477320543647
[2023-12-07 14:58:58,634][root][INFO] - Iteration 6, response_id 3: Objective value: 7.0043697989867315
[2023-12-07 14:58:58,634][root][INFO] - Iteration 6, response_id 4: Objective value: inf
[2023-12-07 14:58:58,713][root][INFO] - Iteration 6, response_id 5: Objective value: 31.983676533470362
[2023-12-07 14:58:59,115][httpx][INFO] - HTTP Request: POST https://api.openai.com/v1/embeddings "HTTP/1.1 200 OK"
[2023-12-07 14:58:59,245][root][INFO] - Similarity Matrix: 
[[1.         0.84976285 0.91826402 0.89571657 0.85046666 1.
  0.86024612 0.86879901 0.80704374 0.8466717 ]
 [0.84976285 1.         0.83518805 0.81382562 0.7990775  0.81635957
  0.8076798  0.80283052 0.82885176 0.77634196]
 [0.91826402 0.83518805 1.         0.9288684  0.87410663 0.88987975
  0.86175109 0.90128093 0.8249243  0.86857296]
 [0.89571657 0.81382562 0.9288684  1.         0.82388135 0.86067675
  0.83332639 0.85507841 0.78652835 0.85713995]
 [0.85046666 0.7990775  0.87410663 0.82388135 1.         0.83657295
  0.89639162 0.87624985 0.8581389  0.87735487]
 [1.         0.81635957 0.88987975 0.86067675 0.83657295 1.
  0.85043905 0.87242061 0.79360826 0.85039976]
 [0.86024612 0.8076798  0.86175109 0.83332639 0.89639162 0.85043905
  1.         0.86856364 1.         0.89790312]
 [0.86879901 0.80283052 0.90128093 0.85507841 0.87624985 0.87242061
  0.86856364 1.         0.80813366 0.85332388]
 [0.80704374 0.82885176 0.8249243  0.78652835 0.8581389  0.79360826
  1.         0.80813366 1.         0.77779879]
 [0.8466717  0.77634196 0.86857296 0.85713995 0.87735487 0.85039976
  0.89790312 0.85332388 0.77779879 1.        ]]
[2023-12-07 14:58:59,245][root][INFO] - Fitness before sharing: 
[0.12508172205810628, 0.03543655858391233, 0.054788835897481895, 0.048167254167238834, 0.03834276033891987, 0.12508172205810628, 0, 0.14276801892222515, 0, 0.031265949021011305]
[2023-12-07 14:58:59,245][root][INFO] - Fitness after sharing: 
[0.057307531178520416, 0.03543655858391209, 0.036916378828196844, 0.037377087583174755, 0.03834276033891987, 0.06254086102905279, 0.0, 0.14096238388090282, 0.0, 0.0312659490210111]
[2023-12-07 14:59:30,103][httpx][INFO] - HTTP Request: POST https://api.openai.com/v1/chat/completions "HTTP/1.1 200 OK"
[2023-12-07 15:00:05,125][httpx][INFO] - HTTP Request: POST https://api.openai.com/v1/chat/completions "HTTP/1.1 200 OK"
[2023-12-07 15:00:44,149][httpx][INFO] - HTTP Request: POST https://api.openai.com/v1/chat/completions "HTTP/1.1 200 OK"
[2023-12-07 15:00:58,913][httpx][INFO] - HTTP Request: POST https://api.openai.com/v1/chat/completions "HTTP/1.1 200 OK"
[2023-12-07 15:01:13,773][httpx][INFO] - HTTP Request: POST https://api.openai.com/v1/chat/completions "HTTP/1.1 200 OK"
[2023-12-07 15:01:32,981][httpx][INFO] - HTTP Request: POST https://api.openai.com/v1/chat/completions "HTTP/1.1 200 OK"
[2023-12-07 15:02:08,889][httpx][INFO] - HTTP Request: POST https://api.openai.com/v1/chat/completions "HTTP/1.1 200 OK"
[2023-12-07 15:02:25,514][httpx][INFO] - HTTP Request: POST https://api.openai.com/v1/chat/completions "HTTP/1.1 200 OK"
[2023-12-07 15:02:46,200][httpx][INFO] - HTTP Request: POST https://api.openai.com/v1/chat/completions "HTTP/1.1 200 OK"
[2023-12-07 15:03:03,228][httpx][INFO] - HTTP Request: POST https://api.openai.com/v1/chat/completions "HTTP/1.1 200 OK"
[2023-12-07 15:03:34,735][httpx][INFO] - HTTP Request: POST https://api.openai.com/v1/chat/completions "HTTP/1.1 200 OK"
[2023-12-07 15:03:48,764][httpx][INFO] - HTTP Request: POST https://api.openai.com/v1/chat/completions "HTTP/1.1 200 OK"
[2023-12-07 15:04:02,711][httpx][INFO] - HTTP Request: POST https://api.openai.com/v1/chat/completions "HTTP/1.1 200 OK"
[2023-12-07 15:04:02,717][root][INFO] - Iteration 6: Running Code 0
[2023-12-07 15:04:02,902][root][INFO] - Iteration 6: Code Run 0 successful!
[2023-12-07 15:04:02,902][root][INFO] - Iteration 6: Running Code 1
[2023-12-07 15:04:03,087][root][INFO] - Iteration 6: Code Run 1 successful!
[2023-12-07 15:04:03,087][root][INFO] - Iteration 6: Running Code 2
[2023-12-07 15:04:03,260][root][INFO] - Iteration 6: Code Run 2 successful!
[2023-12-07 15:04:03,260][root][INFO] - Iteration 6: Running Code 3
[2023-12-07 15:04:03,458][root][INFO] - Iteration 6: Code Run 3 successful!
[2023-12-07 15:04:03,458][root][INFO] - Iteration 6: Running Code 4
[2023-12-07 15:04:03,620][root][INFO] - Iteration 6: Code Run 4 successful!
[2023-12-07 15:04:03,620][root][INFO] - Iteration 6: Running Code 5
[2023-12-07 15:04:03,820][root][INFO] - Iteration 6: Code Run 5 successful!
[2023-12-07 15:04:03,820][root][INFO] - Iteration 6: Running Code 6
[2023-12-07 15:04:04,035][root][INFO] - Iteration 6: Code Run 6 successful!
[2023-12-07 15:04:04,035][root][INFO] - Iteration 6: Running Code 7
[2023-12-07 15:04:04,239][root][INFO] - Iteration 6: Code Run 7 successful!
[2023-12-07 15:04:04,239][root][INFO] - Iteration 6: Running Code 8
[2023-12-07 15:04:04,442][root][INFO] - Iteration 6: Code Run 8 successful!
[2023-12-07 15:04:04,442][root][INFO] - Iteration 6: Running Code 9
[2023-12-07 15:04:04,664][root][INFO] - Iteration 6: Code Run 9 successful!
[2023-12-07 15:04:04,664][root][INFO] - Iteration 6, response_id 0: Objective value: 36.645936399521986
[2023-12-07 15:04:04,664][root][INFO] - Iteration 6, response_id 1: Objective value: 13.809500865844981
[2023-12-07 15:04:04,664][root][INFO] - Iteration 6, response_id 2: Objective value: 18.848337867990104
[2023-12-07 15:04:04,664][root][INFO] - Iteration 6, response_id 3: Objective value: inf
[2023-12-07 15:04:07,971][root][INFO] - Iteration 6, response_id 4: Objective value: 7.426303889807053
[2023-12-07 15:04:07,971][root][INFO] - Iteration 6, response_id 5: Objective value: inf
[2023-12-07 15:04:07,972][root][INFO] - Iteration 6, response_id 6: Objective value: 7.99477320543647
[2023-12-07 15:04:07,972][root][INFO] - Iteration 6, response_id 7: Objective value: 7.0043697989867315
[2023-12-07 15:04:07,972][root][INFO] - Iteration 6, response_id 8: Objective value: 16.00496436669374
[2023-12-07 15:04:07,972][root][INFO] - Iteration 6, response_id 9: Objective value: 19.4801716000159
[2023-12-07 15:04:07,972][root][INFO] - Iteration 6: Min obj: 7.0043697989867315, Best Code Path: problem_iter0_code5.py
[2023-12-07 15:04:07,972][root][INFO] - Iteration 6: Function Evals: 58
[2023-12-07 15:04:07,972][root][INFO] - Eliminated 3 greedy algorithms.
[2023-12-07 15:04:22,761][httpx][INFO] - HTTP Request: POST https://api.openai.com/v1/chat/completions "HTTP/1.1 200 OK"
[2023-12-07 15:04:22,762][root][INFO] - Iteration 8: Running Code 0
[2023-12-07 15:04:22,937][root][INFO] - Iteration 8: Code Run 0 successful!
[2023-12-07 15:04:22,937][root][INFO] - Iteration 8: Running Code 1
[2023-12-07 15:04:23,172][root][INFO] - Iteration 8: Code Run 1 successful!
[2023-12-07 15:04:23,174][root][INFO] - Iteration 8: Running Code 2
[2023-12-07 15:04:23,378][root][INFO] - Iteration 8: Code Run 2 successful!
[2023-12-07 15:04:23,378][root][INFO] - Iteration 8, response_id 0: Objective value: 19.093500141523474
[2023-12-07 15:04:23,378][root][INFO] - Iteration 8, response_id 1: Objective value: 7.0043697989867315
[2023-12-07 15:04:23,459][root][INFO] - Iteration 8, response_id 2: Objective value: 7.433225728768652
[2023-12-07 15:04:23,895][httpx][INFO] - HTTP Request: POST https://api.openai.com/v1/embeddings "HTTP/1.1 200 OK"
[2023-12-07 15:04:24,194][root][INFO] - Similarity Matrix: 
[[1.         0.84919954 0.80874355 0.88112934 0.87625744 0.88064307
  0.89270339 0.86973041 0.82481235 0.92368205]
 [0.84919954 1.         0.860647   0.87139994 0.91184298 0.86581197
  0.84537337 0.87686068 0.85351402 0.886812  ]
 [0.80874355 0.860647   1.         0.82382066 0.86047259 0.81990756
  0.80948541 0.8193092  0.86171357 0.82133594]
 [0.88112934 0.87139994 0.82382066 1.         0.88811354 0.87064679
  0.86694797 0.92328482 0.81987086 0.88671613]
 [0.87625744 0.91184298 0.86047259 0.88811354 1.         0.90638681
  0.86069411 0.89340263 0.84610004 0.88772862]
 [0.88064307 0.86581197 0.81990756 0.87064679 0.90638681 1.
  0.8250097  0.86702922 0.7961358  0.8499682 ]
 [0.89270339 0.84537337 0.80948541 0.86694797 0.86069411 0.8250097
  1.         0.86400237 0.8466946  0.91160568]
 [0.86973041 0.87686068 0.8193092  0.92328482 0.89340263 0.86702922
  0.86400237 1.         0.84500207 0.90135191]
 [0.82481235 0.85351402 0.86171357 0.81987086 0.84610004 0.7961358
  0.8466946  0.84500207 1.         0.88605444]
 [0.92368205 0.886812   0.82133594 0.88671613 0.88772862 0.8499682
  0.91160568 0.90135191 0.88605444 1.        ]]
[2023-12-07 15:04:24,194][root][INFO] - Fitness before sharing: 
[0.0272881552021971, 0.07241391341473453, 0.05305507610293253, 0.13465648791622256, 0.12508172205810628, 0.06248061395756654, 0.05133425005348432, 0.05237384411385401, 0.14276801892222515, 0.13453109544752848]
[2023-12-07 15:04:24,194][root][INFO] - Fitness after sharing: 
[0.02206314904882762, 0.0647460502881777, 0.05305507610293265, 0.10922389558412454, 0.10579543674885568, 0.058729663506463324, 0.0459960910872283, 0.04202119267674942, 0.14276801892222485, 0.09845685403137552]
[2023-12-07 15:05:16,978][httpx][INFO] - HTTP Request: POST https://api.openai.com/v1/chat/completions "HTTP/1.1 200 OK"
[2023-12-07 15:05:29,302][httpx][INFO] - HTTP Request: POST https://api.openai.com/v1/chat/completions "HTTP/1.1 200 OK"
[2023-12-07 15:06:29,336][openai._base_client][INFO] - Retrying request to /chat/completions in 0.954567 seconds
[2023-12-07 15:07:02,598][httpx][INFO] - HTTP Request: POST https://api.openai.com/v1/chat/completions "HTTP/1.1 200 OK"
[2023-12-07 15:07:27,050][httpx][INFO] - HTTP Request: POST https://api.openai.com/v1/chat/completions "HTTP/1.1 200 OK"
[2023-12-07 15:07:33,056][httpx][INFO] - HTTP Request: POST https://api.openai.com/v1/chat/completions "HTTP/1.1 200 OK"
[2023-12-07 15:07:45,508][httpx][INFO] - HTTP Request: POST https://api.openai.com/v1/chat/completions "HTTP/1.1 200 OK"
[2023-12-07 15:08:10,600][httpx][INFO] - HTTP Request: POST https://api.openai.com/v1/chat/completions "HTTP/1.1 200 OK"
[2023-12-07 15:08:43,554][httpx][INFO] - HTTP Request: POST https://api.openai.com/v1/chat/completions "HTTP/1.1 200 OK"
[2023-12-07 15:09:04,628][httpx][INFO] - HTTP Request: POST https://api.openai.com/v1/chat/completions "HTTP/1.1 200 OK"
[2023-12-07 15:09:20,793][httpx][INFO] - HTTP Request: POST https://api.openai.com/v1/chat/completions "HTTP/1.1 200 OK"
[2023-12-07 15:09:33,207][httpx][INFO] - HTTP Request: POST https://api.openai.com/v1/chat/completions "HTTP/1.1 200 OK"
[2023-12-07 15:10:11,669][httpx][INFO] - HTTP Request: POST https://api.openai.com/v1/chat/completions "HTTP/1.1 200 OK"
[2023-12-07 15:10:11,670][root][INFO] - Iteration 8: Running Code 0
[2023-12-07 15:10:11,873][root][INFO] - Iteration 8: Code Run 0 successful!
[2023-12-07 15:10:11,873][root][INFO] - Iteration 8: Running Code 1
[2023-12-07 15:10:12,107][root][INFO] - Iteration 8: Code Run 1 successful!
[2023-12-07 15:10:12,108][root][INFO] - Iteration 8: Running Code 2
[2023-12-07 15:10:12,299][root][INFO] - Iteration 8: Code Run 2 successful!
[2023-12-07 15:10:12,300][root][INFO] - Iteration 8: Running Code 3
[2023-12-07 15:10:12,495][root][INFO] - Iteration 8: Code Run 3 successful!
[2023-12-07 15:10:12,496][root][INFO] - Iteration 8: Running Code 4
[2023-12-07 15:10:12,714][root][INFO] - Iteration 8: Code Run 4 successful!
[2023-12-07 15:10:12,714][root][INFO] - Iteration 8: Running Code 5
[2023-12-07 15:10:12,932][root][INFO] - Iteration 8: Code Run 5 successful!
[2023-12-07 15:10:12,932][root][INFO] - Iteration 8: Running Code 6
[2023-12-07 15:10:13,138][root][INFO] - Iteration 8: Code Run 6 successful!
[2023-12-07 15:10:13,139][root][INFO] - Iteration 8: Running Code 7
[2023-12-07 15:10:13,290][root][INFO] - Iteration 8: Code Run 7 successful!
[2023-12-07 15:10:13,290][root][INFO] - Iteration 8: Running Code 8
[2023-12-07 15:10:13,590][root][INFO] - Iteration 8: Code Run 8 successful!
[2023-12-07 15:10:13,591][root][INFO] - Iteration 8: Running Code 9
[2023-12-07 15:10:13,782][root][INFO] - Iteration 8: Code Run 9 successful!
[2023-12-07 15:10:13,782][root][INFO] - Iteration 8, response_id 0: Objective value: inf
[2023-12-07 15:10:13,782][root][INFO] - Iteration 8, response_id 1: Objective value: 7.0043697989867315
[2023-12-07 15:10:17,217][root][INFO] - Iteration 8, response_id 2: Objective value: 36.424926537443994
[2023-12-07 15:10:17,226][root][INFO] - Iteration 8, response_id 3: Objective value: 13.463011742132288
[2023-12-07 15:10:17,226][root][INFO] - Iteration 8, response_id 4: Objective value: 25.912689655645107
[2023-12-07 15:10:17,226][root][INFO] - Iteration 8, response_id 5: Objective value: 36.099793375632224
[2023-12-07 15:10:17,226][root][INFO] - Iteration 8, response_id 6: Objective value: 25.783379475043937
[2023-12-07 15:10:17,226][root][INFO] - Iteration 8, response_id 7: Objective value: 7.99477320543647
[2023-12-07 15:10:17,226][root][INFO] - Iteration 8, response_id 8: Objective value: 6.510699184219579
[2023-12-07 15:10:17,873][root][INFO] - Iteration 8, response_id 9: Objective value: 8.104830691652564
[2023-12-07 15:10:17,874][root][INFO] - Iteration 8: Min obj: 6.510699184219579, Best Code Path: problem_iter8_code8.py
[2023-12-07 15:10:17,874][root][INFO] - Iteration 8: Function Evals: 71
[2023-12-07 15:10:17,874][root][INFO] - Eliminated 2 greedy algorithms.
[2023-12-07 15:10:39,222][httpx][INFO] - HTTP Request: POST https://api.openai.com/v1/chat/completions "HTTP/1.1 200 OK"
[2023-12-07 15:10:39,227][root][INFO] - Iteration 10: Running Code 0
[2023-12-07 15:10:39,393][root][INFO] - Iteration 10: Code Run 0 successful!
[2023-12-07 15:10:39,393][root][INFO] - Iteration 10: Running Code 1
[2023-12-07 15:10:39,615][root][INFO] - Iteration 10: Code Run 1 successful!
[2023-12-07 15:10:39,616][root][INFO] - Iteration 10, response_id 0: Objective value: 7.99477320543647
[2023-12-07 15:10:39,646][root][INFO] - Iteration 10, response_id 1: Objective value: 7.0043697989867315
[2023-12-07 15:10:40,089][httpx][INFO] - HTTP Request: POST https://api.openai.com/v1/embeddings "HTTP/1.1 200 OK"
[2023-12-07 15:10:40,407][root][INFO] - Similarity Matrix: 
[[1.         0.8578188  0.84831741 0.85385488 0.89569235 0.88891187
  0.91271066 1.         0.90463069 0.84823233 0.85413131]
 [0.8578188  1.         0.83190529 0.80753196 0.83452211 0.84883301
  0.87744031 0.85778627 0.87377913 0.81178296 0.81035276]
 [0.84831741 0.83190529 1.         0.88770541 0.89158473 0.89167294
  0.85892597 0.84838795 0.9100329  0.85200371 0.83153957]
 [0.85385488 0.80753196 0.88770541 1.         0.91789806 0.93709155
  0.87172665 0.85390433 0.88491214 0.85024605 0.84334622]
 [0.89569235 0.83452211 0.89158473 0.91789806 1.         0.9296894
  0.90384815 0.89569941 0.93075705 0.85704909 0.87029791]
 [0.88891187 0.84883301 0.89167294 0.93709155 0.9296894  1.
  0.90530547 0.88895016 0.92054238 0.86065965 0.85149199]
 [0.91271066 0.87744031 0.85892597 0.87172665 0.90384815 0.90530547
  1.         0.9126873  0.91265145 1.         0.85765501]
 [1.         0.85778627 0.84838795 0.85390433 0.89569941 0.88895016
  0.9126873  1.         0.90462161 0.84822898 0.85410827]
 [0.90463069 0.87377913 0.9100329  0.88491214 0.93075705 0.92054238
  0.91265145 0.90462161 1.         0.86150661 0.86043938]
 [0.84823233 0.81178296 0.85200371 0.85024605 0.85704909 0.86065965
  1.         0.84822898 0.86150661 1.         0.87704915]
 [0.85413131 0.81035276 0.83153957 0.84334622 0.87029791 0.85149199
  0.85765501 0.85410827 0.86043938 0.87704915 1.        ]]
[2023-12-07 15:10:40,408][root][INFO] - Fitness before sharing: 
[0.1535933348639064, 0.027453727297761955, 0.07427758507188369, 0.038591130958964305, 0.02770098957616227, 0.03878467525825747, 0.12508172205810628, 0.1535933348639064, 0.12338320663871898, 0.12508172205810628, 0.14276801892222515]
[2023-12-07 15:10:40,408][root][INFO] - Fitness after sharing: 
[0.07066917345093227, 0.02745372729776165, 0.0675048874358981, 0.02489917337861505, 0.015204229467702347, 0.020134411557054994, 0.050598781836812406, 0.0706797228827491, 0.06733565248200384, 0.06254086102905335, 0.14276801892222707]
[2023-12-07 15:11:10,659][httpx][INFO] - HTTP Request: POST https://api.openai.com/v1/chat/completions "HTTP/1.1 200 OK"
[2023-12-07 15:11:35,746][httpx][INFO] - HTTP Request: POST https://api.openai.com/v1/chat/completions "HTTP/1.1 200 OK"
[2023-12-07 15:11:59,829][httpx][INFO] - HTTP Request: POST https://api.openai.com/v1/chat/completions "HTTP/1.1 200 OK"
[2023-12-07 15:12:16,753][httpx][INFO] - HTTP Request: POST https://api.openai.com/v1/chat/completions "HTTP/1.1 200 OK"
[2023-12-07 15:12:30,001][httpx][INFO] - HTTP Request: POST https://api.openai.com/v1/chat/completions "HTTP/1.1 200 OK"
[2023-12-07 15:12:49,745][httpx][INFO] - HTTP Request: POST https://api.openai.com/v1/chat/completions "HTTP/1.1 200 OK"
[2023-12-07 15:13:09,302][httpx][INFO] - HTTP Request: POST https://api.openai.com/v1/chat/completions "HTTP/1.1 200 OK"
[2023-12-07 15:13:32,481][httpx][INFO] - HTTP Request: POST https://api.openai.com/v1/chat/completions "HTTP/1.1 200 OK"
[2023-12-07 15:13:58,866][httpx][INFO] - HTTP Request: POST https://api.openai.com/v1/chat/completions "HTTP/1.1 200 OK"
[2023-12-07 15:14:15,092][httpx][INFO] - HTTP Request: POST https://api.openai.com/v1/chat/completions "HTTP/1.1 200 OK"
[2023-12-07 15:14:33,788][httpx][INFO] - HTTP Request: POST https://api.openai.com/v1/chat/completions "HTTP/1.1 200 OK"
[2023-12-07 15:15:07,811][httpx][INFO] - HTTP Request: POST https://api.openai.com/v1/chat/completions "HTTP/1.1 200 OK"
[2023-12-07 15:15:30,719][httpx][INFO] - HTTP Request: POST https://api.openai.com/v1/chat/completions "HTTP/1.1 200 OK"
[2023-12-07 15:15:30,722][root][INFO] - Iteration 10: Running Code 0
