[2023-12-07 23:46:13,302][root][INFO] - Workspace: /Users/yhr/Desktop/llm-workspace/llm-as-meta-optimizer/outputs/main/2023-12-07_23-46-13
[2023-12-07 23:46:13,302][root][INFO] - Project Root: /Users/yhr/Desktop/llm-workspace/llm-as-meta-optimizer
[2023-12-07 23:46:13,302][root][INFO] - Using LLM: gpt-3.5-turbo
[2023-12-07 23:46:13,320][root][INFO] - Problem: tsp_aco
[2023-12-07 23:46:13,320][root][INFO] - Problem description: The task is to solve Traveling Salesman Problem (TSP) via stochastic solution sampling. TSP requires finding the shortest path that visits all given nodes and returns to the starting node.
[2023-12-07 23:46:13,320][root][INFO] - Initial prompt: System Prompt: 
You are an expert in the domain of optimization heuristics. You are going to design <novel> heuristics to solve optimization problems as effective as possible.
Your goal is to write a novel static scoring function. The function outputs heuristic measures indicating how good is each edge before actually solving a problem instance. You also concisely describe your code before writing it.
The function signature is as follows:

-----

def scoring_function(distance_matrix: np.ndarray) -> np.ndarray:
    """
    The heuristic measures indicate how promising is each edge before actually solving this TSP instance.
    
    Parameters
    ----------
    distance_matrix : np.ndarray
        The distance matrix of shape (n_nodes, n_nodes), where diagonal elements are set to inf.
    
    Returns
    -------
    heuristics: np.ndarray
        The heuristic measures of shape (n_nodes, n_nodes) for all edges. 
    """
    ...
    return heuristics

-----
User Prompt: 
Write a scoring function for the following problem: The task is to solve Traveling Salesman Problem (TSP) via stochastic solution sampling. TSP requires finding the shortest path that visits all given nodes and returns to the starting node.. 

The scoring function maps inputs into a heuristic matrix. We will randomly sample solutions based on your output heuristic matrix, where the elements represent unnormalized probabilities.Begin by giving a concise and clear description of your code, followed by the code itself. Your code should be formatted as a Python code string: "```python ... ```"
An example is given below:

-----
Code description: This is a concise code description of your code.

```python
This is your Python code
```
-----

Some helpful tips:
(1) Do not modify the function signature.
(2) Import necessary packages. Except for importing packages, you should write everything inside the function.
(3) Note that your scoring function outputs heuristic measures before solution construction. Therefore, no information about partial solutions can be utilized.
[2023-12-07 23:46:26,633][httpx][INFO] - HTTP Request: POST https://api.openai.com/v1/chat/completions "HTTP/1.1 200 OK"
[2023-12-07 23:46:26,966][root][INFO] - Iteration 0, response_id 0: Extract None; invalid response!
[2023-12-07 23:46:26,968][root][INFO] - Iteration 0, response_id 7: Extract None; invalid response!
[2023-12-07 23:46:26,969][root][INFO] - Iteration 0: Running Code 0
[2023-12-07 23:46:26,970][root][INFO] - Error for response_id 0: unsupported operand type(s) for +: 'NoneType' and 'str'
[2023-12-07 23:46:26,970][root][INFO] - Iteration 0: Running Code 1
[2023-12-07 23:46:28,222][root][INFO] - Iteration 0: Code Run 1 successful!
[2023-12-07 23:46:28,222][root][INFO] - Iteration 0: Running Code 2
[2023-12-07 23:46:29,018][root][INFO] - Iteration 0: Code Run 2 successful!
[2023-12-07 23:46:29,018][root][INFO] - Iteration 0: Running Code 3
[2023-12-07 23:46:29,828][root][INFO] - Iteration 0: Code Run 3 successful!
[2023-12-07 23:46:29,828][root][INFO] - Iteration 0: Running Code 4
[2023-12-07 23:46:30,641][root][INFO] - Iteration 0: Code Run 4 successful!
[2023-12-07 23:46:30,641][root][INFO] - Iteration 0: Running Code 5
[2023-12-07 23:46:31,448][root][INFO] - Iteration 0: Code Run 5 successful!
[2023-12-07 23:46:31,448][root][INFO] - Iteration 0: Running Code 6
[2023-12-07 23:46:32,231][root][INFO] - Iteration 0: Code Run 6 successful!
[2023-12-07 23:46:32,231][root][INFO] - Iteration 0: Running Code 7
[2023-12-07 23:46:32,231][root][INFO] - Error for response_id 7: unsupported operand type(s) for +: 'NoneType' and 'str'
[2023-12-07 23:46:32,231][root][INFO] - Iteration 0: Running Code 8
[2023-12-07 23:46:33,007][root][INFO] - Iteration 0: Code Run 8 successful!
[2023-12-07 23:46:33,007][root][INFO] - Iteration 0: Running Code 9
[2023-12-07 23:46:33,743][root][INFO] - Iteration 0: Code Run 9 successful!
[2023-12-07 23:46:33,744][root][INFO] - Iteration 0, response_id 1: Objective value: 3.7487648860585367
[2023-12-07 23:46:33,744][root][INFO] - Iteration 0, response_id 2: Objective value: 3.7541543330047817
[2023-12-07 23:46:33,744][root][INFO] - Iteration 0, response_id 3: Objective value: 3.7553730462962207
[2023-12-07 23:46:33,744][root][INFO] - Iteration 0, response_id 4: Objective value: 3.738044962872079
[2023-12-07 23:46:33,744][root][INFO] - Iteration 0, response_id 5: Objective value: 3.7509596223069557
[2023-12-07 23:46:33,744][root][INFO] - Iteration 0, response_id 6: Objective value: inf
[2023-12-07 23:46:34,333][root][INFO] - Iteration 0, response_id 8: Objective value: 7.1725107587869505
[2023-12-07 23:46:34,826][root][INFO] - Iteration 0, response_id 9: Objective value: 6.655842041684947
[2023-12-07 23:46:34,827][root][INFO] - Iteration 0: Min obj: 3.738044962872079, Best Code Path: problem_iter0_code4.py
[2023-12-07 23:46:35,621][httpx][INFO] - HTTP Request: POST https://api.openai.com/v1/embeddings "HTTP/1.1 200 OK"
[2023-12-07 23:46:36,079][root][INFO] - Similarity Matrix: 
[[1.         0.9467985  0.92857443 0.91847835 0.90013719 0.85350277
  0.91341524 0.83177236]
 [0.9467985  1.         0.93864458 0.93076653 0.90906105 0.87832422
  0.90131209 0.8357666 ]
 [0.92857443 0.93864458 1.         0.97461304 0.9501931  0.92089686
  0.88327639 0.83516081]
 [0.91847835 0.93076653 0.97461304 1.         0.93790228 0.90381994
  0.89034719 0.82550984]
 [0.90013719 0.90906105 0.9501931  0.93790228 1.         0.92494003
  0.87091982 0.84248337]
 [0.85350277 0.87832422 0.92089686 0.90381994 0.92494003 1.
  0.82824393 0.83201335]
 [0.91341524 0.90131209 0.88327639 0.89034719 0.87091982 0.82824393
  1.         0.82042544]
 [0.83177236 0.8357666  0.83516081 0.82550984 0.84248337 0.83201335
  0.82042544 1.        ]]
[2023-12-07 23:46:36,079][root][INFO] - Fitness before sharing: 
[0.26675452592904625, 0.2663715743405817, 0.266285130044873, 0.2675195215500198, 0.26659844431622254, 0, 0.13942119205257558, 0.1502439501624421]
[2023-12-07 23:46:36,079][root][INFO] - Fitness after sharing: 
[0.12861608290410162, 0.11756039506306527, 0.08509632557264055, 0.10073024093139613, 0.11996313411544529, 0.0, 0.12152395388382853, 0.1502439501624411]
[2023-12-07 23:46:53,995][httpx][INFO] - HTTP Request: POST https://api.openai.com/v1/chat/completions "HTTP/1.1 200 OK"
[2023-12-07 23:46:53,998][root][INFO] - Iteration 1, response_id 0: Extract None; invalid response!
[2023-12-07 23:47:01,267][httpx][INFO] - HTTP Request: POST https://api.openai.com/v1/chat/completions "HTTP/1.1 200 OK"
[2023-12-07 23:47:10,282][httpx][INFO] - HTTP Request: POST https://api.openai.com/v1/chat/completions "HTTP/1.1 200 OK"
[2023-12-07 23:47:20,391][httpx][INFO] - HTTP Request: POST https://api.openai.com/v1/chat/completions "HTTP/1.1 200 OK"
[2023-12-07 23:47:32,813][httpx][INFO] - HTTP Request: POST https://api.openai.com/v1/chat/completions "HTTP/1.1 200 OK"
[2023-12-07 23:47:46,532][httpx][INFO] - HTTP Request: POST https://api.openai.com/v1/chat/completions "HTTP/1.1 200 OK"
[2023-12-07 23:47:58,695][httpx][INFO] - HTTP Request: POST https://api.openai.com/v1/chat/completions "HTTP/1.1 200 OK"
[2023-12-07 23:48:09,677][httpx][INFO] - HTTP Request: POST https://api.openai.com/v1/chat/completions "HTTP/1.1 200 OK"
[2023-12-07 23:48:19,702][httpx][INFO] - HTTP Request: POST https://api.openai.com/v1/chat/completions "HTTP/1.1 200 OK"
[2023-12-07 23:48:27,655][httpx][INFO] - HTTP Request: POST https://api.openai.com/v1/chat/completions "HTTP/1.1 200 OK"
[2023-12-07 23:48:39,939][httpx][INFO] - HTTP Request: POST https://api.openai.com/v1/chat/completions "HTTP/1.1 200 OK"
[2023-12-07 23:48:52,378][httpx][INFO] - HTTP Request: POST https://api.openai.com/v1/chat/completions "HTTP/1.1 200 OK"
[2023-12-07 23:49:03,498][httpx][INFO] - HTTP Request: POST https://api.openai.com/v1/chat/completions "HTTP/1.1 200 OK"
[2023-12-07 23:49:20,201][httpx][INFO] - HTTP Request: POST https://api.openai.com/v1/chat/completions "HTTP/1.1 200 OK"
[2023-12-07 23:49:20,205][root][INFO] - Iteration 1: Running Code 0
[2023-12-07 23:49:20,962][root][INFO] - Iteration 1: Code Run 0 successful!
[2023-12-07 23:49:20,962][root][INFO] - Iteration 1: Running Code 1
[2023-12-07 23:49:21,703][root][INFO] - Iteration 1: Code Run 1 successful!
[2023-12-07 23:49:21,703][root][INFO] - Iteration 1: Running Code 2
[2023-12-07 23:49:22,465][root][INFO] - Iteration 1: Code Run 2 successful!
[2023-12-07 23:49:22,465][root][INFO] - Iteration 1: Running Code 3
[2023-12-07 23:49:23,225][root][INFO] - Iteration 1: Code Run 3 successful!
[2023-12-07 23:49:23,225][root][INFO] - Iteration 1: Running Code 4
[2023-12-07 23:49:23,983][root][INFO] - Iteration 1: Code Run 4 successful!
[2023-12-07 23:49:23,983][root][INFO] - Iteration 1: Running Code 5
[2023-12-07 23:49:24,798][root][INFO] - Iteration 1: Code Run 5 successful!
[2023-12-07 23:49:24,798][root][INFO] - Iteration 1: Running Code 6
[2023-12-07 23:49:25,582][root][INFO] - Iteration 1: Code Run 6 successful!
[2023-12-07 23:49:25,582][root][INFO] - Iteration 1: Running Code 7
[2023-12-07 23:49:26,346][root][INFO] - Iteration 1: Code Run 7 successful!
[2023-12-07 23:49:26,346][root][INFO] - Iteration 1: Running Code 8
[2023-12-07 23:49:27,142][root][INFO] - Iteration 1: Code Run 8 successful!
[2023-12-07 23:49:27,142][root][INFO] - Iteration 1: Running Code 9
[2023-12-07 23:49:27,920][root][INFO] - Iteration 1: Code Run 9 successful!
[2023-12-07 23:49:27,921][root][INFO] - Iteration 1, response_id 0: Objective value: inf
[2023-12-07 23:49:27,921][root][INFO] - Iteration 1, response_id 1: Objective value: 3.7277379918901814
[2023-12-07 23:49:27,921][root][INFO] - Iteration 1, response_id 2: Objective value: inf
[2023-12-07 23:49:27,921][root][INFO] - Iteration 1, response_id 3: Objective value: 9.952557470591293
[2023-12-07 23:49:27,921][root][INFO] - Iteration 1, response_id 4: Objective value: 3.744118208310291
[2023-12-07 23:49:27,921][root][INFO] - Iteration 1, response_id 5: Objective value: inf
[2023-12-07 23:49:27,921][root][INFO] - Iteration 1, response_id 6: Objective value: 3.7711042709027724
[2023-12-07 23:49:27,921][root][INFO] - Iteration 1, response_id 7: Objective value: 3.750892912085296
[2023-12-07 23:49:28,427][root][INFO] - Iteration 1, response_id 8: Objective value: 3.746288292487521
[2023-12-07 23:49:29,002][root][INFO] - Iteration 1, response_id 9: Objective value: 6.766908551474851
[2023-12-07 23:49:29,002][root][INFO] - Iteration 1: Min obj: 3.7277379918901814, Best Code Path: problem_iter1_code1.py
[2023-12-07 23:49:29,002][root][INFO] - Iteration 1: Function Evals: 20
[2023-12-07 23:49:29,714][httpx][INFO] - HTTP Request: POST https://api.openai.com/v1/embeddings "HTTP/1.1 200 OK"
[2023-12-07 23:49:30,195][root][INFO] - Similarity Matrix: 
[[1.         1.         0.90493871 0.91151617 0.92309066 0.87675082
  0.92472857 0.89754651 0.88691266 0.89791847]
 [1.         1.         0.90493871 0.91151617 0.92309066 0.87675082
  0.92472857 0.89754651 0.88691266 0.89791847]
 [0.90493871 0.90493871 1.         0.91848539 0.89484464 1.
  0.90924013 0.90443651 0.86675007 0.90029277]
 [0.91151617 0.91151617 0.91848539 1.         0.92254003 0.84995355
  0.9296917  0.91949732 0.87109075 0.93857082]
 [0.92309066 0.92309066 0.89484464 0.92254003 1.         0.86533537
  0.97492804 0.90053618 0.90684353 0.90193319]
 [0.87675082 0.87675082 1.         0.84995355 0.86533537 1.
  0.86109321 0.84464127 0.86925005 0.85493188]
 [0.92472857 0.92472857 0.90924013 0.9296917  0.97492804 0.86109321
  1.         0.90767555 0.91147226 0.90844645]
 [0.89754651 0.89754651 0.90443651 0.91949732 0.90053618 0.84464127
  0.90767555 1.         0.8613088  0.8924675 ]
 [0.88691266 0.88691266 0.86675007 0.87109075 0.90684353 0.86925005
  0.91147226 0.8613088  1.         0.85587002]
 [0.89791847 0.89791847 0.90029277 0.93857082 0.90193319 0.85493188
  0.90844645 0.8924675  0.85587002 1.        ]]
[2023-12-07 23:49:30,195][root][INFO] - Fitness before sharing: 
[0.2682591969112458, 0.2682591969112458, 0, 0.10047668681692012, 0.2670855844723174, 0, 0.2651743171664166, 0.2666031858115761, 0.2669308718192651, 0.14777796868291498]
[2023-12-07 23:49:30,195][root][INFO] - Fitness after sharing: 
[0.10150793729275302, 0.10150793729275302, 0.0, 0.039900581135265116, 0.10558316520408821, 0.0, 0.09115298593600939, 0.20174961945248474, 0.22560883045055763, 0.09901819843364225]
[2023-12-07 23:49:43,712][httpx][INFO] - HTTP Request: POST https://api.openai.com/v1/chat/completions "HTTP/1.1 200 OK"
[2023-12-07 23:50:01,511][httpx][INFO] - HTTP Request: POST https://api.openai.com/v1/chat/completions "HTTP/1.1 200 OK"
[2023-12-07 23:50:25,693][httpx][INFO] - HTTP Request: POST https://api.openai.com/v1/chat/completions "HTTP/1.1 200 OK"
[2023-12-07 23:50:39,694][httpx][INFO] - HTTP Request: POST https://api.openai.com/v1/chat/completions "HTTP/1.1 200 OK"
[2023-12-07 23:51:05,570][httpx][INFO] - HTTP Request: POST https://api.openai.com/v1/chat/completions "HTTP/1.1 200 OK"
[2023-12-07 23:51:28,928][httpx][INFO] - HTTP Request: POST https://api.openai.com/v1/chat/completions "HTTP/1.1 200 OK"
[2023-12-07 23:51:41,421][httpx][INFO] - HTTP Request: POST https://api.openai.com/v1/chat/completions "HTTP/1.1 200 OK"
[2023-12-07 23:52:02,228][httpx][INFO] - HTTP Request: POST https://api.openai.com/v1/chat/completions "HTTP/1.1 200 OK"
[2023-12-07 23:52:16,155][httpx][INFO] - HTTP Request: POST https://api.openai.com/v1/chat/completions "HTTP/1.1 200 OK"
[2023-12-07 23:52:31,106][httpx][INFO] - HTTP Request: POST https://api.openai.com/v1/chat/completions "HTTP/1.1 200 OK"
[2023-12-07 23:53:02,264][httpx][INFO] - HTTP Request: POST https://api.openai.com/v1/chat/completions "HTTP/1.1 200 OK"
[2023-12-07 23:53:02,267][root][INFO] - Iteration 2: Running Code 0
[2023-12-07 23:53:03,324][root][INFO] - Iteration 2: Code Run 0 successful!
[2023-12-07 23:53:03,324][root][INFO] - Iteration 2: Running Code 1
[2023-12-07 23:53:04,132][root][INFO] - Iteration 2: Code Run 1 successful!
[2023-12-07 23:53:04,132][root][INFO] - Iteration 2: Running Code 2
[2023-12-07 23:53:04,968][root][INFO] - Iteration 2: Code Run 2 successful!
[2023-12-07 23:53:04,968][root][INFO] - Iteration 2: Running Code 3
[2023-12-07 23:53:05,838][root][INFO] - Iteration 2: Code Run 3 successful!
[2023-12-07 23:53:05,838][root][INFO] - Iteration 2: Running Code 4
[2023-12-07 23:53:06,663][root][INFO] - Iteration 2: Code Run 4 successful!
[2023-12-07 23:53:06,663][root][INFO] - Iteration 2: Running Code 5
[2023-12-07 23:53:07,463][root][INFO] - Iteration 2: Code Run 5 successful!
[2023-12-07 23:53:07,463][root][INFO] - Iteration 2: Running Code 6
[2023-12-07 23:53:08,230][root][INFO] - Iteration 2: Code Run 6 successful!
[2023-12-07 23:53:08,230][root][INFO] - Iteration 2: Running Code 7
[2023-12-07 23:53:09,022][root][INFO] - Iteration 2: Code Run 7 successful!
[2023-12-07 23:53:09,022][root][INFO] - Iteration 2: Running Code 8
[2023-12-07 23:53:09,860][root][INFO] - Iteration 2: Code Run 8 successful!
[2023-12-07 23:53:09,861][root][INFO] - Iteration 2: Running Code 9
[2023-12-07 23:53:10,668][root][INFO] - Iteration 2: Code Run 9 successful!
[2023-12-07 23:53:10,668][root][INFO] - Iteration 2, response_id 0: Objective value: 4.012863440980477
[2023-12-07 23:53:10,668][root][INFO] - Iteration 2, response_id 1: Objective value: 3.7604465280773915
[2023-12-07 23:53:10,668][root][INFO] - Iteration 2, response_id 2: Objective value: 3.7190278942571036
[2023-12-07 23:53:10,668][root][INFO] - Iteration 2, response_id 3: Objective value: 3.7149007329719916
[2023-12-07 23:53:10,668][root][INFO] - Iteration 2, response_id 4: Objective value: inf
[2023-12-07 23:53:10,668][root][INFO] - Iteration 2, response_id 5: Objective value: 3.759666759594002
[2023-12-07 23:53:10,668][root][INFO] - Iteration 2, response_id 6: Objective value: 3.7245896949402897
[2023-12-07 23:53:10,668][root][INFO] - Iteration 2, response_id 7: Objective value: 3.7324406308636755
[2023-12-07 23:53:11,190][root][INFO] - Iteration 2, response_id 8: Objective value: 3.7360356124791574
[2023-12-07 23:53:11,765][root][INFO] - Iteration 2, response_id 9: Objective value: 6.547613238117175
[2023-12-07 23:53:11,766][root][INFO] - Iteration 2: Min obj: 3.7149007329719916, Best Code Path: problem_iter2_code3.py
[2023-12-07 23:53:11,766][root][INFO] - Iteration 2: Function Evals: 30
[2023-12-07 23:53:12,570][httpx][INFO] - HTTP Request: POST https://api.openai.com/v1/embeddings "HTTP/1.1 200 OK"
[2023-12-07 23:53:13,047][root][INFO] - Similarity Matrix: 
[[1.         0.91663521 0.93358082 0.89783215 1.         0.9105001
  0.93676467 0.91630996 0.95394122 0.91861948 0.92507828]
 [0.91663521 1.         0.88429386 0.92992953 0.91663521 0.95784874
  0.95086979 0.93731376 0.90912498 0.91838328 0.90305437]
 [0.93358082 0.88429386 1.         0.90179053 0.93358082 0.8907648
  0.91899092 0.91694734 0.9567497  0.88983353 0.91461511]
 [0.89783215 0.92992953 0.90179053 1.         0.89783215 0.91955114
  0.9514084  0.94859719 0.9182592  0.91284491 0.89842093]
 [1.         0.91663521 0.93358082 0.89783215 1.         0.9105001
  0.93676467 0.91630996 0.95394122 0.91861948 0.92507828]
 [0.9105001  0.95784874 0.8907648  0.91955114 0.9105001  1.
  0.94552146 0.95395301 0.91349288 0.91266049 0.9383124 ]
 [0.93676467 0.95086979 0.91899092 0.9514084  0.93676467 0.94552146
  1.         0.95485685 0.93671302 0.93267723 0.9316613 ]
 [0.91630996 0.93731376 0.91694734 0.94859719 0.91630996 0.95395301
  0.95485685 1.         0.94042678 0.91625714 0.94378599]
 [0.95394122 0.90912498 0.9567497  0.9182592  0.95394122 0.91349288
  0.93671302 0.94042678 1.         0.9133945  0.93816913]
 [0.91861948 0.91838328 0.88983353 0.91284491 0.91861948 0.91266049
  0.93267723 0.91625714 0.9133945  1.         0.89656412]
 [0.92507828 0.90305437 0.91461511 0.89842093 0.92507828 0.9383124
  0.9316613  0.94378599 0.93816913 0.89656412 1.        ]]
[2023-12-07 23:53:13,047][root][INFO] - Fitness before sharing: 
[0.2691861968543049, 0.24919861209024008, 0.26592586612613567, 0.2688874696380183, 0.2691861968543049, 0, 0.2659810201125346, 0.26848594930025743, 0.26792120730091906, 0.267663401456824, 0.15272740823762507]
[2023-12-07 23:53:13,047][root][INFO] - Fitness after sharing: 
[0.06542701775793484, 0.07333796042599654, 0.09626092623912681, 0.0952215461503436, 0.06542701775793484, 0.0, 0.05360053349831041, 0.060366753297095864, 0.061702764300868566, 0.10994300939275564, 0.04776390621501682]
[2023-12-07 23:53:30,711][httpx][INFO] - HTTP Request: POST https://api.openai.com/v1/chat/completions "HTTP/1.1 200 OK"
[2023-12-07 23:53:56,507][httpx][INFO] - HTTP Request: POST https://api.openai.com/v1/chat/completions "HTTP/1.1 200 OK"
[2023-12-07 23:53:56,511][root][INFO] - Iteration 3, response_id 1: Extract None; invalid response!
[2023-12-07 23:54:11,355][httpx][INFO] - HTTP Request: POST https://api.openai.com/v1/chat/completions "HTTP/1.1 200 OK"
[2023-12-07 23:54:29,992][httpx][INFO] - HTTP Request: POST https://api.openai.com/v1/chat/completions "HTTP/1.1 200 OK"
[2023-12-07 23:54:45,455][httpx][INFO] - HTTP Request: POST https://api.openai.com/v1/chat/completions "HTTP/1.1 200 OK"
[2023-12-07 23:55:04,603][httpx][INFO] - HTTP Request: POST https://api.openai.com/v1/chat/completions "HTTP/1.1 200 OK"
[2023-12-07 23:55:20,370][httpx][INFO] - HTTP Request: POST https://api.openai.com/v1/chat/completions "HTTP/1.1 200 OK"
[2023-12-07 23:55:51,962][httpx][INFO] - HTTP Request: POST https://api.openai.com/v1/chat/completions "HTTP/1.1 200 OK"
[2023-12-07 23:56:10,760][httpx][INFO] - HTTP Request: POST https://api.openai.com/v1/chat/completions "HTTP/1.1 200 OK"
[2023-12-07 23:56:31,947][httpx][INFO] - HTTP Request: POST https://api.openai.com/v1/chat/completions "HTTP/1.1 200 OK"
[2023-12-07 23:56:51,403][httpx][INFO] - HTTP Request: POST https://api.openai.com/v1/chat/completions "HTTP/1.1 200 OK"
[2023-12-07 23:57:11,272][httpx][INFO] - HTTP Request: POST https://api.openai.com/v1/chat/completions "HTTP/1.1 200 OK"
[2023-12-07 23:57:33,235][httpx][INFO] - HTTP Request: POST https://api.openai.com/v1/chat/completions "HTTP/1.1 200 OK"
[2023-12-07 23:57:50,335][httpx][INFO] - HTTP Request: POST https://api.openai.com/v1/chat/completions "HTTP/1.1 200 OK"
[2023-12-07 23:57:50,338][root][INFO] - Iteration 3, response_id 7: Extract None; invalid response!
[2023-12-07 23:57:50,338][root][INFO] - Iteration 3: Running Code 0
[2023-12-07 23:57:51,355][root][INFO] - Iteration 3: Code Run 0 successful!
[2023-12-07 23:57:51,355][root][INFO] - Iteration 3: Running Code 1
[2023-12-07 23:57:52,247][root][INFO] - Iteration 3: Code Run 1 successful!
[2023-12-07 23:57:52,247][root][INFO] - Iteration 3: Running Code 2
[2023-12-07 23:57:53,114][root][INFO] - Iteration 3: Code Run 2 successful!
[2023-12-07 23:57:53,115][root][INFO] - Iteration 3: Running Code 3
[2023-12-07 23:57:53,987][root][INFO] - Iteration 3: Code Run 3 successful!
[2023-12-07 23:57:53,988][root][INFO] - Iteration 3: Running Code 4
[2023-12-07 23:57:54,911][root][INFO] - Iteration 3: Code Run 4 successful!
[2023-12-07 23:57:54,911][root][INFO] - Iteration 3: Running Code 5
[2023-12-07 23:57:55,686][root][INFO] - Iteration 3: Code Run 5 successful!
[2023-12-07 23:57:55,686][root][INFO] - Iteration 3: Running Code 6
[2023-12-07 23:57:56,509][root][INFO] - Iteration 3: Code Run 6 successful!
[2023-12-07 23:57:56,509][root][INFO] - Iteration 3: Running Code 7
[2023-12-07 23:57:57,581][root][INFO] - Iteration 3: Code Run 7 successful!
[2023-12-07 23:57:57,581][root][INFO] - Iteration 3: Running Code 8
[2023-12-07 23:57:58,395][root][INFO] - Iteration 3: Code Run 8 successful!
[2023-12-07 23:57:58,395][root][INFO] - Iteration 3: Running Code 9
[2023-12-07 23:57:59,239][root][INFO] - Iteration 3: Code Run 9 successful!
[2023-12-07 23:57:59,239][root][INFO] - Iteration 3, response_id 0: Objective value: 3.7434059671508066
[2023-12-07 23:57:59,239][root][INFO] - Iteration 3, response_id 1: Objective value: 3.7492710319234455
[2023-12-07 23:57:59,239][root][INFO] - Iteration 3, response_id 2: Objective value: 3.726321081056047
[2023-12-07 23:57:59,239][root][INFO] - Iteration 3, response_id 3: Objective value: inf
[2023-12-07 23:57:59,239][root][INFO] - Iteration 3, response_id 4: Objective value: 3.71778686248116
[2023-12-07 23:57:59,239][root][INFO] - Iteration 3, response_id 5: Objective value: 3.772942055137527
[2023-12-07 23:57:59,240][root][INFO] - Iteration 3, response_id 6: Objective value: 3.754710292060598
[2023-12-07 23:57:59,240][root][INFO] - Iteration 3, response_id 7: Objective value: inf
[2023-12-07 23:57:59,697][root][INFO] - Iteration 3, response_id 8: Objective value: 6.816003286484063
[2023-12-07 23:58:00,315][root][INFO] - Iteration 3, response_id 9: Objective value: 3.733655693797018
[2023-12-07 23:58:00,315][root][INFO] - Iteration 3: Min obj: 3.7149007329719916, Best Code Path: problem_iter2_code3.py
[2023-12-07 23:58:00,315][root][INFO] - Iteration 3: Function Evals: 40
[2023-12-07 23:58:01,065][httpx][INFO] - HTTP Request: POST https://api.openai.com/v1/embeddings "HTTP/1.1 200 OK"
[2023-12-07 23:58:01,534][root][INFO] - Similarity Matrix: 
[[1.         0.9484526  0.89081556 0.93361834 1.         0.88313514
  0.90059022 0.91757428 0.91339323]
 [0.9484526  1.         0.92469569 0.91934897 0.9484526  0.91284552
  0.94904058 0.95784864 0.94495043]
 [0.89081556 0.92469569 1.         0.89360106 0.89081556 0.96768292
  0.93497186 0.93042225 0.92886462]
 [0.93361834 0.91934897 0.89360106 1.         0.93361834 0.91088199
  0.90268793 0.91537604 0.90910497]
 [1.         0.9484526  0.89081556 0.93361834 1.         0.88313514
  0.90059022 0.91757428 0.91339323]
 [0.88313514 0.91284552 0.96768292 0.91088199 0.88313514 1.
  0.93388323 0.93726024 0.91665463]
 [0.90059022 0.94904058 0.93497186 0.90268793 0.90059022 0.93388323
  1.         0.97010217 0.94037729]
 [0.91757428 0.95784864 0.93042225 0.91537604 0.91757428 0.93726024
  0.97010217 1.         0.94631444]
 [0.91339323 0.94495043 0.92886462 0.90910497 0.91339323 0.91665463
  0.94037729 0.94631444 1.        ]]
[2023-12-07 23:58:01,534][root][INFO] - Fitness before sharing: 
[0.2691861968543049, 0.26713640165539493, 0.26836120083259113, 0, 0.26897722677211905, 0.2650451518698315, 0.26633213276521434, 0.1467135442823173, 0.267834016313119]
[2023-12-07 23:58:01,535][root][INFO] - Fitness after sharing: 
[0.08582958668831059, 0.06585634500472079, 0.09362394999421066, 0.0, 0.08576295691310729, 0.09492731303257561, 0.08016173166514992, 0.03738188124532493, 0.08555552823503464]
[2023-12-07 23:58:26,841][httpx][INFO] - HTTP Request: POST https://api.openai.com/v1/chat/completions "HTTP/1.1 200 OK"
[2023-12-07 23:58:42,388][httpx][INFO] - HTTP Request: POST https://api.openai.com/v1/chat/completions "HTTP/1.1 200 OK"
[2023-12-07 23:59:05,650][httpx][INFO] - HTTP Request: POST https://api.openai.com/v1/chat/completions "HTTP/1.1 200 OK"
[2023-12-07 23:59:29,296][httpx][INFO] - HTTP Request: POST https://api.openai.com/v1/chat/completions "HTTP/1.1 200 OK"
[2023-12-07 23:59:42,937][httpx][INFO] - HTTP Request: POST https://api.openai.com/v1/chat/completions "HTTP/1.1 200 OK"
[2023-12-07 23:59:55,420][httpx][INFO] - HTTP Request: POST https://api.openai.com/v1/chat/completions "HTTP/1.1 200 OK"
[2023-12-08 00:00:20,524][httpx][INFO] - HTTP Request: POST https://api.openai.com/v1/chat/completions "HTTP/1.1 200 OK"
[2023-12-08 00:00:54,608][httpx][INFO] - HTTP Request: POST https://api.openai.com/v1/chat/completions "HTTP/1.1 200 OK"
[2023-12-08 00:01:13,344][httpx][INFO] - HTTP Request: POST https://api.openai.com/v1/chat/completions "HTTP/1.1 200 OK"
[2023-12-08 00:01:35,478][httpx][INFO] - HTTP Request: POST https://api.openai.com/v1/chat/completions "HTTP/1.1 200 OK"
[2023-12-08 00:01:57,174][httpx][INFO] - HTTP Request: POST https://api.openai.com/v1/chat/completions "HTTP/1.1 200 OK"
[2023-12-08 00:02:29,162][httpx][INFO] - HTTP Request: POST https://api.openai.com/v1/chat/completions "HTTP/1.1 200 OK"
[2023-12-08 00:02:42,742][httpx][INFO] - HTTP Request: POST https://api.openai.com/v1/chat/completions "HTTP/1.1 200 OK"
[2023-12-08 00:03:00,469][httpx][INFO] - HTTP Request: POST https://api.openai.com/v1/chat/completions "HTTP/1.1 200 OK"
[2023-12-08 00:03:00,470][root][INFO] - Iteration 4: Running Code 0
[2023-12-08 00:03:01,278][root][INFO] - Iteration 4: Code Run 0 successful!
[2023-12-08 00:03:01,278][root][INFO] - Iteration 4: Running Code 1
[2023-12-08 00:03:02,066][root][INFO] - Iteration 4: Code Run 1 successful!
[2023-12-08 00:03:02,066][root][INFO] - Iteration 4: Running Code 2
[2023-12-08 00:03:02,907][root][INFO] - Iteration 4: Code Run 2 successful!
[2023-12-08 00:03:02,907][root][INFO] - Iteration 4: Running Code 3
[2023-12-08 00:03:03,801][root][INFO] - Iteration 4: Code Run 3 successful!
[2023-12-08 00:03:03,802][root][INFO] - Iteration 4: Running Code 4
[2023-12-08 00:03:04,612][root][INFO] - Iteration 4: Code Run 4 successful!
[2023-12-08 00:03:04,612][root][INFO] - Iteration 4: Running Code 5
[2023-12-08 00:03:05,403][root][INFO] - Iteration 4: Code Run 5 successful!
[2023-12-08 00:03:05,403][root][INFO] - Iteration 4: Running Code 6
[2023-12-08 00:03:06,217][root][INFO] - Iteration 4: Code Run 6 successful!
[2023-12-08 00:03:06,217][root][INFO] - Iteration 4: Running Code 7
[2023-12-08 00:03:07,019][root][INFO] - Iteration 4: Code Run 7 successful!
[2023-12-08 00:03:07,019][root][INFO] - Iteration 4: Running Code 8
[2023-12-08 00:03:07,788][root][INFO] - Iteration 4: Code Run 8 successful!
[2023-12-08 00:03:07,788][root][INFO] - Iteration 4: Running Code 9
[2023-12-08 00:03:08,649][root][INFO] - Iteration 4: Code Run 9 successful!
[2023-12-08 00:03:08,649][root][INFO] - Iteration 4, response_id 0: Objective value: inf
[2023-12-08 00:03:08,650][root][INFO] - Iteration 4, response_id 1: Objective value: 3.7484272704095902
[2023-12-08 00:03:08,650][root][INFO] - Iteration 4, response_id 2: Objective value: 6.8424479406771495
[2023-12-08 00:03:08,650][root][INFO] - Iteration 4, response_id 3: Objective value: inf
[2023-12-08 00:03:08,650][root][INFO] - Iteration 4, response_id 4: Objective value: inf
[2023-12-08 00:03:08,650][root][INFO] - Iteration 4, response_id 5: Objective value: 6.562024715940746
[2023-12-08 00:03:08,650][root][INFO] - Iteration 4, response_id 6: Objective value: 3.731033666549751
[2023-12-08 00:03:08,650][root][INFO] - Iteration 4, response_id 7: Objective value: 6.751093374576581
[2023-12-08 00:03:08,650][root][INFO] - Iteration 4, response_id 8: Objective value: inf
[2023-12-08 00:03:08,787][root][INFO] - Iteration 4, response_id 9: Objective value: inf
[2023-12-08 00:03:08,787][root][INFO] - Iteration 4: Min obj: 3.7149007329719916, Best Code Path: problem_iter2_code3.py
[2023-12-08 00:03:08,787][root][INFO] - Iteration 4: Function Evals: 50
[2023-12-08 00:03:09,672][httpx][INFO] - HTTP Request: POST https://api.openai.com/v1/embeddings "HTTP/1.1 200 OK"
[2023-12-08 00:03:10,016][root][INFO] - Similarity Matrix: 
[[1.         0.91696756 0.89242314 0.92019945 0.97369339 0.89177
  0.90783745 0.90551217 0.9283542  0.92543147 0.8949451 ]
 [0.91696756 1.         0.88930967 0.91644061 1.         1.
  0.91788683 0.91587003 0.92575149 1.         1.        ]
 [0.89242314 0.88930967 1.         0.89829788 0.92012937 0.89792947
  0.90711187 0.91372466 0.93003972 0.95437419 0.88297343]
 [0.92019945 0.91644061 0.89829788 1.         0.93960308 0.94204894
  0.93270557 0.93626085 0.94776015 0.94314255 0.94238478]
 [0.97369339 1.         0.92012937 0.93960308 1.         1.
  0.93895193 0.92956494 0.95133369 1.         1.        ]
 [0.89177    1.         0.89792947 0.94204894 1.         1.
  0.92380218 0.93042573 0.92604368 1.         1.        ]
 [0.90783745 0.91788683 0.90711187 0.93270557 0.93895193 0.92380218
  1.         0.96648566 0.92639987 0.92398645 0.9058062 ]
 [0.90551217 0.91587003 0.91372466 0.93626085 0.92956494 0.93042573
  0.96648566 1.         0.92281066 0.93621332 0.90719938]
 [0.9283542  0.92575149 0.93003972 0.94776015 0.95133369 0.92604368
  0.92639987 0.92281066 1.         0.94586493 0.92579856]
 [0.92543147 1.         0.95437419 0.94314255 1.         1.
  0.92398645 0.93621332 0.94586493 1.         1.        ]
 [0.8949451  1.         0.88297343 0.94238478 1.         1.
  0.9058062  0.90719938 0.92579856 1.         1.        ]]
[2023-12-08 00:03:10,017][root][INFO] - Fitness before sharing: 
[0.2691861968543049, 0, 0.2667785521394764, 0.14614652660419614, 0, 0, 0.15239198925459058, 0.2680222397791289, 0.14812415478740412, 0, 0]
[2023-12-08 00:03:10,017][root][INFO] - Fitness after sharing: 
[0.09683107012005722, 0.0, 0.11836843166490991, 0.03475161714277984, 0.0, 0.0, 0.043419736333105335, 0.07361885372379325, 0.03443490937120673, 0.0, 0.0]
[2023-12-08 00:03:26,567][httpx][INFO] - HTTP Request: POST https://api.openai.com/v1/chat/completions "HTTP/1.1 200 OK"
[2023-12-08 00:03:41,740][httpx][INFO] - HTTP Request: POST https://api.openai.com/v1/chat/completions "HTTP/1.1 200 OK"
[2023-12-08 00:03:57,799][httpx][INFO] - HTTP Request: POST https://api.openai.com/v1/chat/completions "HTTP/1.1 200 OK"
[2023-12-08 00:04:15,040][httpx][INFO] - HTTP Request: POST https://api.openai.com/v1/chat/completions "HTTP/1.1 200 OK"
[2023-12-08 00:04:33,434][httpx][INFO] - HTTP Request: POST https://api.openai.com/v1/chat/completions "HTTP/1.1 200 OK"
[2023-12-08 00:04:49,613][httpx][INFO] - HTTP Request: POST https://api.openai.com/v1/chat/completions "HTTP/1.1 200 OK"
[2023-12-08 00:05:06,012][httpx][INFO] - HTTP Request: POST https://api.openai.com/v1/chat/completions "HTTP/1.1 200 OK"
[2023-12-08 00:05:35,865][httpx][INFO] - HTTP Request: POST https://api.openai.com/v1/chat/completions "HTTP/1.1 200 OK"
[2023-12-08 00:05:54,945][httpx][INFO] - HTTP Request: POST https://api.openai.com/v1/chat/completions "HTTP/1.1 200 OK"
[2023-12-08 00:06:18,002][httpx][INFO] - HTTP Request: POST https://api.openai.com/v1/chat/completions "HTTP/1.1 200 OK"
[2023-12-08 00:06:36,518][httpx][INFO] - HTTP Request: POST https://api.openai.com/v1/chat/completions "HTTP/1.1 200 OK"
[2023-12-08 00:06:46,552][httpx][INFO] - HTTP Request: POST https://api.openai.com/v1/chat/completions "HTTP/1.1 200 OK"
[2023-12-08 00:07:05,702][httpx][INFO] - HTTP Request: POST https://api.openai.com/v1/chat/completions "HTTP/1.1 200 OK"
[2023-12-08 00:07:05,704][root][INFO] - Iteration 5: Running Code 0
[2023-12-08 00:07:06,508][root][INFO] - Iteration 5: Code Run 0 execution error!
[2023-12-08 00:07:06,508][root][INFO] - Iteration 5: Running Code 1
[2023-12-08 00:07:07,333][root][INFO] - Iteration 5: Code Run 1 successful!
[2023-12-08 00:07:07,334][root][INFO] - Iteration 5: Running Code 2
[2023-12-08 00:07:08,228][root][INFO] - Iteration 5: Code Run 2 successful!
[2023-12-08 00:07:08,228][root][INFO] - Iteration 5: Running Code 3
[2023-12-08 00:07:09,141][root][INFO] - Iteration 5: Code Run 3 successful!
[2023-12-08 00:07:09,141][root][INFO] - Iteration 5: Running Code 4
[2023-12-08 00:07:09,979][root][INFO] - Iteration 5: Code Run 4 successful!
[2023-12-08 00:07:09,980][root][INFO] - Iteration 5: Running Code 5
[2023-12-08 00:07:10,768][root][INFO] - Iteration 5: Code Run 5 successful!
[2023-12-08 00:07:10,768][root][INFO] - Iteration 5: Running Code 6
[2023-12-08 00:07:11,669][root][INFO] - Iteration 5: Code Run 6 successful!
[2023-12-08 00:07:11,669][root][INFO] - Iteration 5: Running Code 7
[2023-12-08 00:07:12,470][root][INFO] - Iteration 5: Code Run 7 successful!
[2023-12-08 00:07:12,470][root][INFO] - Iteration 5: Running Code 8
[2023-12-08 00:07:13,406][root][INFO] - Iteration 5: Code Run 8 successful!
[2023-12-08 00:07:13,406][root][INFO] - Iteration 5: Running Code 9
[2023-12-08 00:07:14,292][root][INFO] - Iteration 5: Code Run 9 successful!
[2023-12-08 00:07:14,292][root][INFO] - Iteration 5, response_id 0: Objective value: inf
[2023-12-08 00:07:14,292][root][INFO] - Iteration 5, response_id 1: Objective value: 6.368503010907057
[2023-12-08 00:07:14,292][root][INFO] - Iteration 5, response_id 2: Objective value: 6.707827928087946
[2023-12-08 00:07:14,292][root][INFO] - Iteration 5, response_id 3: Objective value: inf
[2023-12-08 00:07:14,292][root][INFO] - Iteration 5, response_id 4: Objective value: 3.7151289712411404
[2023-12-08 00:07:14,293][root][INFO] - Iteration 5, response_id 5: Objective value: 6.813281972475276
[2023-12-08 00:07:14,293][root][INFO] - Iteration 5, response_id 6: Objective value: 6.847417050691293
[2023-12-08 00:07:14,293][root][INFO] - Iteration 5, response_id 7: Objective value: 3.781089344363603
[2023-12-08 00:07:14,293][root][INFO] - Iteration 5, response_id 8: Objective value: inf
[2023-12-08 00:07:15,402][root][INFO] - Iteration 5, response_id 9: Objective value: 3.715886233343844
[2023-12-08 00:07:15,403][root][INFO] - Iteration 5: Min obj: 3.7149007329719916, Best Code Path: problem_iter2_code3.py
[2023-12-08 00:07:15,403][root][INFO] - Iteration 5: Function Evals: 60
[2023-12-08 00:07:16,419][httpx][INFO] - HTTP Request: POST https://api.openai.com/v1/embeddings "HTTP/1.1 200 OK"
[2023-12-08 00:07:16,966][root][INFO] - Similarity Matrix: 
[[1.         0.97282789 0.9283542  0.90706498 0.9364971  1.
  0.91541518 0.89414773 0.90551217 0.8959209  1.        ]
 [0.97282789 1.         0.93906276 0.91060641 1.         0.97282789
  0.90712119 0.90131136 0.91560321 1.         0.97282789]
 [0.9283542  0.93906276 1.         0.9287336  0.95313824 0.9283542
  0.87974932 0.93681096 0.92281066 0.95491486 0.9283542 ]
 [0.90706498 0.91060641 0.9287336  1.         0.91307844 0.90706498
  0.9197826  0.90758815 0.96372552 0.91310494 0.90706498]
 [0.9364971  1.         0.95313824 0.91307844 1.         0.9364971
  0.89986844 0.90412254 0.90725881 1.         0.9364971 ]
 [1.         0.97282789 0.9283542  0.90706498 0.9364971  1.
  0.91541518 0.89414773 0.90551217 0.8959209  1.        ]
 [0.91541518 0.90712119 0.87974932 0.9197826  0.89986844 0.91541518
  1.         0.8484507  0.92232751 0.87367609 0.91541518]
 [0.89414773 0.90131136 0.93681096 0.90758815 0.90412254 0.89414773
  0.8484507  1.         0.91576862 0.91459117 0.89414773]
 [0.90551217 0.91560321 0.92281066 0.96372552 0.90725881 0.90551217
  0.92232751 0.91576862 1.         0.91473299 0.90551217]
 [0.8959209  1.         0.95491486 0.91310494 1.         0.8959209
  0.87367609 0.91459117 0.91473299 1.         0.8959209 ]
 [1.         0.97282789 0.9283542  0.90706498 0.9364971  1.
  0.91541518 0.89414773 0.90551217 0.8959209  1.        ]]
[2023-12-08 00:07:16,966][root][INFO] - Fitness before sharing: 
[0.2691861968543049, 0, 0.15702277258679845, 0.14907955462194572, 0, 0.2691696594495137, 0.14677214359245114, 0.14604046936195353, 0.2644740467428205, 0, 0.26911480524529463]
[2023-12-08 00:07:16,967][root][INFO] - Fitness after sharing: 
[0.057806025670860677, 0.0, 0.03733892989061175, 0.05366152450140766, 0.0, 0.05780247436824167, 0.07508415719140228, 0.08104678621616607, 0.09487387683974574, 0.0, 0.05779069477636699]
[2023-12-08 00:07:41,254][httpx][INFO] - HTTP Request: POST https://api.openai.com/v1/chat/completions "HTTP/1.1 200 OK"
[2023-12-08 00:08:09,333][httpx][INFO] - HTTP Request: POST https://api.openai.com/v1/chat/completions "HTTP/1.1 200 OK"
[2023-12-08 00:08:23,768][httpx][INFO] - HTTP Request: POST https://api.openai.com/v1/chat/completions "HTTP/1.1 200 OK"
[2023-12-08 00:08:46,261][httpx][INFO] - HTTP Request: POST https://api.openai.com/v1/chat/completions "HTTP/1.1 200 OK"
[2023-12-08 00:09:13,912][httpx][INFO] - HTTP Request: POST https://api.openai.com/v1/chat/completions "HTTP/1.1 200 OK"
[2023-12-08 00:09:38,937][httpx][INFO] - HTTP Request: POST https://api.openai.com/v1/chat/completions "HTTP/1.1 200 OK"
[2023-12-08 00:10:04,805][httpx][INFO] - HTTP Request: POST https://api.openai.com/v1/chat/completions "HTTP/1.1 200 OK"
[2023-12-08 00:10:33,226][httpx][INFO] - HTTP Request: POST https://api.openai.com/v1/chat/completions "HTTP/1.1 200 OK"
[2023-12-08 00:10:59,392][httpx][INFO] - HTTP Request: POST https://api.openai.com/v1/chat/completions "HTTP/1.1 200 OK"
[2023-12-08 00:11:13,203][httpx][INFO] - HTTP Request: POST https://api.openai.com/v1/chat/completions "HTTP/1.1 200 OK"
[2023-12-08 00:11:39,949][httpx][INFO] - HTTP Request: POST https://api.openai.com/v1/chat/completions "HTTP/1.1 200 OK"
[2023-12-08 00:11:47,776][httpx][INFO] - HTTP Request: POST https://api.openai.com/v1/chat/completions "HTTP/1.1 500 Internal Server Error"
[2023-12-08 00:11:47,776][openai._base_client][INFO] - Retrying request to /chat/completions in 0.761767 seconds
[2023-12-08 00:12:14,644][httpx][INFO] - HTTP Request: POST https://api.openai.com/v1/chat/completions "HTTP/1.1 200 OK"
[2023-12-08 00:12:38,810][httpx][INFO] - HTTP Request: POST https://api.openai.com/v1/chat/completions "HTTP/1.1 200 OK"
[2023-12-08 00:12:38,812][root][INFO] - Iteration 6, response_id 6: Extract None; invalid response!
[2023-12-08 00:13:18,059][httpx][INFO] - HTTP Request: POST https://api.openai.com/v1/chat/completions "HTTP/1.1 200 OK"
[2023-12-08 00:13:18,060][root][INFO] - Iteration 6: Running Code 0
[2023-12-08 00:13:19,084][root][INFO] - Iteration 6: Code Run 0 successful!
[2023-12-08 00:13:19,084][root][INFO] - Iteration 6: Running Code 1
